 # Eigenvalues =   1.21009853E-02  1.80375902E-03  1.21182343E-03  8.40854889E-04  6.75342453E-04  5.53776743E-04  4.23554913E-04  2.42078022E-04  1.88395585E-04
 # Eigenvectors:
 s001A -0.20334244      7.61764348E-02 -6.30850643E-02 -3.67505923E-02  4.44904640E-02  0.18703648     -0.50543183     -0.53383750      0.23923655    
 s002A -0.19082689      9.72650573E-03 -0.37839797      3.65851000E-02 -0.10752656      0.10772149     -0.10411897      0.14316888      0.17142929    
 s003A -5.73801436E-02  9.43454802E-02 -0.31521273      0.13294594     -0.16735561     -9.37682465E-02  9.84472707E-02 -7.96913207E-02 -7.56071731E-02
 s004A  0.24885158      0.59671474      0.24432227     -7.40593523E-02 -0.12594762      0.43264532      0.32607713      8.94020498E-02  7.85629302E-02
 s005A -0.33984411      0.28603655     -0.23413211     -0.48836663      0.15399627      1.73011411E-03 -5.15773520E-02  8.58466700E-02 -2.68785208E-02
 s006A -0.28600401     -0.12320156      0.49998114     -0.15701441     -0.43654084     -0.43621203      0.16175233     -0.25928468     -3.76774813E-03
 s007A  8.03952217E-02 -0.27394605     -4.48634923E-02  2.28179041E-02 -0.17847885      0.27653512      0.16607782     -0.19283491     -0.18088758    
 s008A -9.73315313E-02 -0.21537147      0.10079627      8.47107172E-02  0.46739498     -0.18873972     -7.99842477E-02  0.27989152      0.15819938    
 s009A  0.37410095      0.19332299     -0.35647741     -0.12021732     -6.07566386E-02 -0.60172307      0.14627416      1.50154019E-02  7.69161880E-02
 s010A  7.90053681E-02  0.28168181      0.31406277      0.53905159     -2.33133323E-02 -0.14667995     -0.32163882      0.20072129      0.24016120    
 s011A -0.28444028     -0.13896434      0.22170818     -0.13295160      0.36427444      9.27858427E-02  0.41372925      0.11936892      0.20390014    
 s012A -0.22569393     -4.69836257E-02  3.82484756E-02  3.29113454E-02 -0.27437136      8.40092078E-02 -0.25951463      0.46959060     -0.56678313    
 s013A  0.28932762     -0.26572317      6.83380887E-02 -0.12688030     -0.14950769      0.16633084     -0.14121817     -9.17094871E-02  0.20525911    
 s014A  0.33165306      7.41398633E-02  0.18815683     -9.91580561E-02  0.46958783     -7.34482780E-02 -0.15863697     -0.27633768     -0.54781240    
 s015A  0.39806843     -0.42551878     -4.28373292E-02 -0.17931651     -8.90537426E-02  0.11931599     -6.05829507E-02  0.25248051      0.16535725    
 s016A -0.11653902     -0.12243412     -0.24060957      0.56569576      0.11310872      7.24606737E-02  0.37034619     -0.22179131     -0.13728057    
