16
s010A	53.4	41.0	40.7	43.3	40.2	38.8	40.7	41.2	41.0	37.8	39.7	31.7	39.8	41.2	40.5	40.4
s004A	41.0	50.1	39.5	42.1	38.7	38.1	39.6	30.1	32.6	33.4	31.0	32.5	32.1	32.7	37.7	32.7
s009A	40.7	39.5	60.0	47.2	42.9	47.9	46.0	35.9	33.6	31.9	31.6	32.8	33.2	37.3	43.1	36.6
s014A	43.3	42.1	47.2	60.7	45.0	49.3	48.2	41.2	35.7	36.9	34.5	32.9	36.7	38.4	40.2	36.2
s007A	40.2	38.7	42.9	45.0	57.8	49.5	48.8	43.1	44.5	44.2	42.4	35.8	42.3	45.8	45.4	45.1
s015A	38.8	38.1	47.9	49.3	49.5	63.7	53.4	40.3	36.7	35.7	34.0	28.0	34.5	38.0	40.6	38.3
s013A	40.7	39.6	46.0	48.2	48.8	53.4	58.4	40.4	38.9	37.5	37.6	31.2	38.0	39.8	40.5	39.8
s008A	41.2	30.1	35.9	41.2	43.1	40.3	40.4	50.8	41.7	47.1	41.2	39.3	40.0	42.5	42.3	41.7
s012A	41.0	32.6	33.6	35.7	44.5	36.7	38.9	41.7	55.3	45.5	45.5	43.3	43.1	42.9	44.4	45.0
s011A	37.8	33.4	31.9	36.9	44.2	35.7	37.5	47.1	45.5	59.1	47.7	44.8	43.7	45.1	42.1	44.3
s006A	39.7	31.0	31.6	34.5	42.4	34.0	37.6	41.2	45.5	47.7	60.5	41.5	41.3	40.2	41.9	41.9
s005A	31.7	32.5	32.8	32.9	35.8	28.0	31.2	39.3	43.3	44.8	41.5	51.2	43.2	37.8	40.5	46.5
s001A	39.8	32.1	33.2	36.7	42.3	34.5	38.0	40.0	43.1	43.7	41.3	43.2	51.7	41.0	43.3	43.4
s016A	41.2	32.7	37.3	38.4	45.8	38.0	39.8	42.5	42.9	45.1	40.2	37.8	41.0	56.5	45.9	45.8
s003A	40.5	37.7	43.1	40.2	45.4	40.6	40.5	42.3	44.4	42.1	41.9	40.5	43.3	45.9	53.9	47.7
s002A	40.4	32.7	36.6	36.2	45.1	38.3	39.8	41.7	45.0	44.3	41.9	46.5	43.4	45.8	47.7	54.9
